# list of object assets to load in this scene
[ASSETS]
mario.txt
coin.txt
cloud.txt
brick.txt
goomba.txt
platform.txt
questionBrick.txt
#
[OBJECTS]
# type	x	y	extra_settings per object type
# type: 0 = Mario , 1 = Brick, 2 = Goomba, 3 = Koopas, 4 = Coin, 5 = PLatform
# 6 = QuestionBrickCoin, 7 = QuestionBrickItem
# See OBJECT_TYPE constants in AssetIDs.h

# MARIO
0	120	10

#Brick
1	0	174

#Platform
#GROUND
5	0	190	16	16	39	50010	50020	50030
5	624	174	16	16	31	50010	50020	50030

#GROUND 2
5	624	190	16	16	31	50110	50120	50130

#SMALL BUSH
5	160	174	16	16	3	50210	50210	50210
5	672	158	16	16	5	50210	50210	50210

#BIG BUSH
5	32	124	16	16	2	50410	50420	50420

#CLOUD
5	320	40	16	16	3	50310	50320	50330
5	320	56	16	16	3	50340	50350	50360

5	112	56	16	16	4	50310	50320	50330
5	112	72	16	16	4	50340	50350	50360

5	640	56	16	16	3	50310	50320	50330
5	640	72	16	16	3	50340	50350	50360

5	720	78	16	16	5	50310	50320	50330
5	720	94	16	16	5	50340	50350	50360

#PINK BLOCK
5	240	142	16	16	3	51110	51120	51130
5	240	158	16	16	3	51210	51220	51230
5	240	174	16	16	3	51310	51320	51330

5	464	110	16	16	4	51110	51120	51130
5	464	126	16	16	4	51210	51220	51230
5	480	142	16	16	3	51240	51220	51230
5	480	158	16	16	2	51250	51220	51220
5	480	174	16	16	2	51340	51320	51320	

#BLUE BLOCK
5	272	110	16	16	3	52110	52120	52130
5	272	126	16	16	3	52210	52220	52250
5	288	142	16	16	2	52230	52250	52250
5	288	158	16	16	2	52240	52250	52250
5	288	174	16	16	2	52310	52320	52320

#WHITE BLOCK
5	512	78	16	16	4	53110	53120	53130
5	512	94	16	16	4	53210	53220	53250
5	528	110	16	16	3	53230	53220	53250
5	528	126	16	16	3	53240	53220	53250
5	528	142	16	16	3	53240	53220	53250

#GREEN BLOCK
5	400	142	16	16	5	54110	54120	54130
5	400	158	16	16	5	54210	54220	54230
5	400	174	16	16	5	54310	54320	54330

5	512	158	16	16	6	54110	54120	54130
5	512	174	16	16	6	54310	54320	54330

#OUTTER SHADER
#FOR FIRST BLUE BLOCK
5	320	110	16	16	1	59001	59001	59001
5	320	126	16	16	1	59002	59002	59002
5	320	142	16	16	1	59002	59002	59002
5	320	158	16	16	1	59002	59002	59002
5	320	174	16	16	1	59002	59002	59002

#FOR FIRST WHITE BLOCK
5	576	78	16	16	1	59001	59001	59001
5	576	94	16	16	1	59002	59002	59002
5	576	110	16	16	1	59002	59002	59002
5	576	126	16	16	1	59002	59002	59002
5	576	142	16	16	1	59002	59002	59002

#FOR SECOND GREEN BLOCK
5	608	158	16	16	1	59001	59001	59001
5	608	174	16	16	1	59002	59002	59002

#PIPE
5	352	142	16	16	2	56011	56012	56012
5	352	158	16	16	2	56021	56022	56022
5	352	174	16	16	2	56021	56022	56022

#QuestionBrickCoin
6	176	124	
6	192	124
6	224	72
6	416	75
6	704	126

#QuestionBrickItem
7	240	72
7	656	158











